let Neuron = require('./neuron.js')

let N = new Neuron({
    size: 5,
    threshold: 0.01
})

let ins = [0.1, 0.2, 0.3]
let outs = [0.2, 0.3, 0.4]

let blih = [
    [0.896577601974034,0.296378515338549,0.92372371802813,0,0],
    [0.858937506125748,0.431968871069835,0.54954798323406,0,0],
    [0.0804579027393943,0.825287287481412,0.293182600392702,0,0],
    [0.180918444812963,0.296019560876174,0.774469217666446,0,0],
    [0.182976151525294,0.796513726933438,0.498049724773742,0,0],
    [0.0677336389940859,0.9137530624837,0.989688088650033,0,0],
    [0.0361620889684674,0.517396222246654,0.11425750063466,0,0],
    [0.74038441428533,0.670357995608053,0.284022043005587,0,0],
    [0.91836315714977,0.580034086057146,0.951604107759624,0,0],
    [0.883161034793823,0.573665100929296,0.144817304172165,0,0],
    [0.605590262922351,0.0608027192792943,0.861233738054828,0,0],
    [0.0776333401109237,0.826863832057973,0.965469124818273,0,0],
    [0.554706245024673,0.671655579821676,0.0865993383516966,0,0],
]

let bloh = [
    [0,0,0.896577601974034,0.296378515338549,0.92372371802813],
    [0,0,0.858937506125748,0.431968871069835,0.54954798323406],
    [0,0,0.0804579027393943,0.825287287481412,0.293182600392702],
    [0,0,0.180918444812963,0.296019560876174,0.774469217666446],
    [0,0,0.182976151525294,0.796513726933438,0.498049724773742],
    [0,0,0.0677336389940859,0.9137530624837,0.989688088650033],
    [0,0,0.0361620889684674,0.517396222246654,0.11425750063466],
    [0,0,0.74038441428533,0.670357995608053,0.284022043005587],
    [0,0,0.91836315714977,0.580034086057146,0.951604107759624],
    [0,0,0.883161034793823,0.573665100929296,0.144817304172165],
    [0,0,0.605590262922351,0.0608027192792943,0.861233738054828],
    [0,0,0.0776333401109237,0.826863832057973,0.965469124818273],
    [0,0,0.554706245024673,0.671655579821676,0.0865993383516966],
]


console.clear()

N.inputs = blih[7]
N.print

N.train(ins, outs)

N.learn(blih[7], bloh[7], true)

N.learn(blih[0], bloh[0], true)

N.learn(blih[3], bloh[3], true)


// for (let X = 0; X < 50; X++) {
//     let I = Math.floor(Math.random() * (blah.length-1))
//     let foo = blah[I]

//     N.learn(foo, foo, false)
//     console.log(`Number ${I}; Error ${N.status}`)
// }
